projtable.txt version 3
Tue Sep 05 22:50:47 2023

# format: angle / entries of projection matrices
21
@1
0.0 0.0
-0.3617247657281755 1.111803797260278 -0.029898484321260646 99.47431057524828
-0.2709601672797901 0.02847062557401295 1.1213338417167467 74.51404600194228
-0.0036363636363636364 -6.809080024620222e-5 3.886084869527707e-5 1.0

@2
0.0 0.0
-0.04125750290263505 1.1684392616639157 -0.029898484321260646 99.4743105752483
-0.2526160619794248 0.10205446586443369 1.1213338417167467 74.51404600194228
-0.003514265444274668 0.000936864579393899 3.886084869527707e-5 1.0

@3
0.0 0.0
0.28240625130744146 1.134548015275667 -0.02989848432126065 99.47431057524827
-0.2147001210394127 0.16773147229583663 1.1213338417167469 74.51404600194226
-0.003119893885518158 0.0018692348691516404 3.886084869527707e-5 1.0

@4
0.0 0.0
0.5841901270533835 1.0127558369107672 -0.029898484321260646 99.47431057524828
-0.16014994295759152 0.22041321317822044 1.1213338417167467 74.51404600194228
-0.002483803530806883 0.002656783181461596 3.886084869527707e-5 1.0

@5
0.0 0.0
0.8407129332560733 0.8124987714448842 -0.029898484321260646 99.47431057524831
-0.09319189050426618 0.25601808591798414 1.1213338417167467 74.51404600194228
-0.0016552765032838595 0.003238492944352712 3.886084869527707e-5 1.0

@6
0.0 0.0
1.03210015298464 0.5492920570630526 -0.02989848432126065 99.47431057524825
-0.01901364647006656 0.27178754574258696 1.1213338417167469 74.51404600194226
-0.0006985042667801033 0.0035692952584839392 3.886084869527707e-5 1.0

@7
0.0 0.0
1.1435237536163532 0.24352805723087131 -0.029898484321260646 99.47431057524828
0.05663771040069053 0.2664998283928809 1.1213338417167467 74.51404600194228
0.0003123857110734711 0.0036235606825970306 3.886084869527707e-5 1.0

@8
0.0 0.0
1.1663510125093763 -0.08110367045843019 -0.029898484321260646 99.47431057524828
0.1279009695777289 0.24056460827383633 1.1213338417167467 74.51404600194228
0.0012990731036068692 0.003397084915693329 3.886084869527707e-5 1.0

@9
0.0 0.0
1.0988133510719236 -0.3994517608542574 -0.029898484321260646 99.47431057524828
0.18925489545619548 0.19599125827120956 1.1213338417167467 74.51404600194228
0.0021851127183685174 0.0029074145320146703 3.886084869527707e-5 1.0

@10
0.0 0.0
0.9461433582327528 -0.686851683710192 -0.029898484321260646 99.47431057524828
0.23594599396397448 0.13623317035589969 1.1213338417167467 74.51404600194228
0.0029018572113437527 0.0021924875319869427 3.886084869527707e-5 1.0

@11
0.0 0.0
0.7201693871992613 -0.921036667828441 -0.029898484321260646 99.47431057524828
0.26435679715912946 0.0659201984875225 1.1213338417167467 74.51404600194228
0.003393775650325756 0.001307694034628105 3.886084869527707e-5 1.0

@12
0.0 0.0
0.4383991347712905 -1.083862854966098 -0.02989848432126065 99.47431057524827
0.2722861323760393 -0.009500046766486761 1.1213338417167469 74.51404600194226
0.003622755863188861 0.00032158483900312693 3.886084869527707e-5 1.0

@13
0.0 0.0
0.1226632043770234 -1.1627150244300783 -0.029898484321260646 99.4743105752483
0.2591196616174249 -0.08418426062001529 1.1213338417167467 74.51404600194228
0.00357105723971307 -0.0006894396591717108 3.886084869527707e-5 1.0

@14
0.0 0.0
-0.20257625503391888 -1.1514839775871437 -0.029898484321260656 99.47431057524828
0.225877478378619 -0.152346163503332 1.1213338417167467 74.51404600194228
0.003242685213889933 -0.001647048711048199 3.886084869527707e-5 1.0

@15
0.0 0.0
-0.5121207933184989 -1.0510398578523596 -0.029898484321260646 99.47431057524831
0.1751350742635796 -0.20870480237780328 1.1213338417167467 74.51404600194228
0.0026630809364828257 -0.0024770500153787154 3.886084869527707e-5 1.0

@16
0.0 0.0
-0.7819879495873164 -0.8691647349287143 -0.029898484321260656 99.4743105752483
0.11082379863116501 -0.24889370106498568 1.1213338417167467 74.51404600194228
0.0018771501809590424 -0.0031151378863657655 3.886084869527707e-5 1.0

@17
0.0 0.0
-0.9912693319287664 -0.6199496764423499 -0.029898484321260646 99.47431057524828
0.037926270981461035 -0.26979916001038295 1.1213338417167467 74.51404600194228
0.0009457841964763944 -0.0035118754400806185 3.886084869527707e-5 1.0

@18
0.0 0.0
-1.1237505286956637 -0.3227030198180565 -0.029898484321260646 99.47431057524828
-0.037909655502654044 -0.2698014951636435 1.1213338417167467 74.51404600194228
-5.88579395659242e-5 -0.0036365247965462837 3.886084869527707e-5 1.0

@19
0.0 0.0
-1.1691673461223862 -0.00045442778709495207 -0.029898484321260646 99.47431057524831
-0.11080847046329813 -0.24890052560501322 1.1213338417167467 74.51404600194228
-0.0010589399620895422 -0.003479428546419043 3.886084869527707e-5 1.0

@20
0.0 0.0
-1.124001043242953 0.3218293717674478 -0.029898484321260646 99.47431057524828
-0.1751222209811081 -0.2087155875623845 1.1213338417167467 74.51404600194228
-0.0019769789081441813 -0.003052757974307655 3.886084869527707e-5 1.0

@21
0.0 0.0
-0.9917509520059351 0.6191789232029771 -0.029898484321260646 99.47431057524831
-0.22586809581027215 -0.15236007373294752 1.1213338417167467 74.51404600194228
-0.002741848234064383 -0.0023895700689253625 3.886084869527708e-5 1.0

